111111111111111111111111111111101111111111111111111111111111110011111111111111111111111111111100
111111111111111111111111111111101111111111111111111111111111110011111111111111111111111111111100
000000000000000000000000000000000000000000000000000000000000000000000000000000000000000000000000
111111111111111111111111111111101111111111111111111111111111110011111111111111111111111111111100
000000000000000000000000000000000000000000000000000000000000000000000000000000000000000000000000
111111111111111111111111111111101111111111111111111111111111110011111111111111111111111111111100
111111111111111111111111111111101111111111111111111111111111110011111111111111111111111111111100
000000000000000000000000000000000000000000000000000000000000000000000000000000000000000000000000
000000000100000000001110000001101000011000000111000000000000010000000000011000000000011100001100
000000100000000111000110000000101100011100000000000001100000000000000000000000000000001111001100
000000000000000001100000000000000111000000000000011000001100000000000000011100001110001101110000
111111111111111111111111111111101111111111111111111111111111110011111111111111111111111111111100
111111111111111111111111111111101111111111111111111111111111110011111111111111111111111111111100
000000000000000000000000000000000000000000000000000000000000000000000000000000000000000000000000
111111111111111111111111111111101111111111111111111111111111110011111111111111111111111111111100
000000000000000000000000000000000000000000000000000000000000000000000000000000000000000000000000
111111111111111111111111111111101111111111111111111111111111110011111111111111111111111111111100
111111111111111111111111111111101111111111111111111111111111110011111111111111111111111111111100
000000000000000000000000000000000000000000000000000000000000000000000000000000000000000000000000
000000000100000000001110000001101000011000000111000000000000010000000000011000000000011100001100
000000100000000111000110000000101100011100000000000001100000000000000000000000000000001111001100
000000000000000001100000000000000111000000000000011000001100000000000000011100001110001101110000
111111111111111111111111111111101111111111111111111111111111110011111111111111111111111111111100
011111000000000000000000000000000000000000000000000000000000000000000000000000000000000000000000
000000111111111100000000000000000000000000000000000000000000000000000000000000000000000000000000
000000000000000011111111111111100000000000000000000000000000000000000000000000000000000000000000
000000000000000000000000000000001111111111111110000000000000000000000000000000000000000000000000
000000000000000000000000000000000000000000000001111111111111110000000000000000000000000000000000
000000000000000000000000000000000000000000000000000000000000000011111111111111100000000000000000
000000000000000000000000000000000000000000000000000000000000000000000000000000011111111110001000
000000000000000000000000000000000000000000000000000000000000000000000000000000000000000001111100
000000000000000000000000000000000000000000000000000000000000000000000000000000011111111110001000
000000000000000000000000000000000000000000000000000000000000000011111111111111100000000000000000
000000000000000000000000000000000000000000000001111111111111110000000000000000000000000000000000
000000000000000000000000000000001111111111111110000000000000000000000000000000000000000000000000
000000000000000011111111111111100000000000000000000000000000000000000000000000000000000000000000
000000111111111100000000000000000000000000000000000000000000000000000000000000000000000000000000
011111000000000000000000000000000000000000000000000000000000000000000000000000000000000000000000
111111000000000000000000000000000000000000000000000000000000000000000000000000000000000000000000
111111000000000000000000000000000000000000000000000000000000000000000000000000000000000000000000
111111000000000000000000000000000000000000000000000000000000000000000000000000000000000000000000
000000000000000001000000000000000000000000000000000000000000000000000000000000000000000000000000
000000000000000000000000000000000010000000000000000000000000000000000000000000000000000000000000
000000000000000000000000000000000000000000000000001000000000000000000000000000000000000000000000
000000000000000000000000000000000000000000000000000000000000000000001000000000000000000000000000
000000000000000000000000000000000000000000000000000000000000000000000000000000000001000000000000
000000000000000000000000000000000000000000000000000000000000000000000000000000000000100000000000
000000000000000000000000000000000000000000000000000000000000000000000000000000000000010000000000
000000000000000000000000000000000000000000000000000000000000000000000000010000000000000000000000
000000000000000000000000000000000000000000000000000000001000000000000000000000000000000000000000
000000000000000000000000000000000000000001000000000000000000000000000000000000000000000000000000
000000000000000000000000010000000000000000000000000000000000000000000000000000000000000000000000
000000000000100000000000000000000000000000000000000000000000000000000000000000000000000000000000
000010000000000000000000000000000000000000000000000000000000000000000000000000000000000000000000
000001000000000000000000000000000000000000000000000000000000000000000000000000000000000000000000
000000100000000000000000000000000000000000000000000000000000000000000000000000000000000000000000
111001111000000011001100000110001111111100011100110011001001100000001000011100001110001100110100
101110111000000011001100010110001111111100011100110011001101100000000000011100001100001101110000
111101101000000010001100000110001111111100011100100011001101100000000000011101001110001101110000
111001111000100011001100000110001110111100010100110011001101100000000000011100001110001101110000
111001111000001011001100000110001111111100011100110011001101100000000000011100001110001101010000
111001111000000011001100000110001111111100011100110011001001100000001000011100001110001100110100
101110111000000011001100010110001111111100011100110011001101100000000000011100001100001101110000
111101101000000010001100000110001111111100011100100011001101100000000000011101001110001101110000
111001111000100011001100000110001110111100010100110011001101100000000000011100001110001101110000
111001111000001011001100000110001111111100011100110011001101100000000000011100001110001101010000
000001100000001001000000000010000100000000000101100000000000010000000000000000000000000000000000
000010000000101000000000010001000000000000100100000000000011100000000000000000000000000000000000
000100000010100000000010001000000000000100100000000000011100000000000000000000000000000000000000
001000001010000000010001000000000000100100000000000011100000000000000000000000000000000000000000
010000101000000010001000000000000100100000000000011100000000000000000000000000000000000000000000
000001100000001001000000000010000100000000000101100000000000010000000000000000000000000000000000
000010000000101000000000010001000000000000100100000000000011100000000000000000000000000000000000
000100000010100000000010001000000000000100100000000000011100000000000000000000000000000000000000
001000001010000000010001000000000000100100000000000011100000000000000000000000000000000000000000
010000101000000010001000000000000100100000000000011100000000000000000000000000000000000000000000
000001100000001001000000000010000100000000000101100000000000010000000000000000000000000000000000
000010000000101000000000010001000000000000100100000000000011100000000000000000000000000000000000
000100000010100000000010001000000000000100100000000000011100000000000000000000000000000000000000
001000001010000000010001000000000000100100000000000011100000000000000000000000000000000000000000
010000101000000010001000000000000100100000000000011100000000000000000000000000000000000000000000
